======================
1 0 1 0 0 0 
1 0 0 0 0 2 
1 1 1 0 0 2 
0 0 0 0 0 2 
======================
a1 : 0 | a2 : 1 | a3 : 2
======================
0 0 1 0 0 0 
1 0 0 0 1 2 
1 1 1 0 0 2 
0 0 0 0 0 2 
======================
a1 : 3 | a2 : 4 | a3 : 5
======================
0 0 0 0 0 0 
1 0 0 0 0 2 
1 1 1 0 0 2 
0 0 0 0 1 2 
======================
a1 : 6 | a2 : 7 | a3 : 12
======================
0 0 0 0 0 0 
1 0 0 0 0 2 
1 1 1 0 0 2 
0 0 0 0 1 2 
======================
a1 : 13 | a2 : 14 | a3 : 15
======================
0 0 0 0 0 0 
1 0 0 0 0 2 
1 1 1 0 0 2 
0 0 0 0 0 2 
======================
a1 : 16 | a2 : 17 | a3 : 22
======================
0 0 0 0 0 0 
1 0 0 0 0 2 
1 1 1 0 0 2 
0 0 0 0 0 2 
======================
a1 : 24 | a2 : 25 | a3 : 26
7